Variance = 0.800000
Number of components: 84
Explained variance: [0.040621   0.02683965 0.02187245 0.02077951 0.01933539 0.01810486
 0.01606806 0.01468032 0.01444064 0.01389756 0.01336962 0.0129348
 0.01258045 0.01237293 0.01215537 0.01136193 0.01128902 0.01108181
 0.01083017 0.01066875 0.01049106 0.01032733 0.01015497 0.01007959
 0.00993166 0.00986783 0.00961628 0.00957245 0.00943594 0.00934788
 0.00924087 0.00918612 0.0090081  0.00891802 0.00867082 0.00857369
 0.00844992 0.00831019 0.00825271 0.00823801 0.00818977 0.00797207
 0.00789876 0.00782331 0.00778458 0.00769058 0.00757853 0.00746858
 0.0074212  0.00741711 0.00730169 0.00723789 0.0071881  0.00716336
 0.00711265 0.00707639 0.00693135 0.00689798 0.00682936 0.00669624
 0.00665391 0.00657589 0.00655887 0.00649864 0.00639126 0.00637048
 0.00629951 0.00627259 0.00621404 0.00617864 0.00608763 0.00607404
 0.00600079 0.00597119 0.00591257 0.00586086 0.00585329 0.0057555
 0.00568184 0.00565281 0.00563094 0.00555479 0.00553814 0.00551546]

Cluster 20:
Medoid: [-1.1670375   0.17131461 -0.11662873 -1.1395451  -1.6189849  -0.9391586
  0.97209615 -0.12995747  1.1209347  -1.142899    0.5661296  -0.11656906
 -0.23841244  1.116498    0.00679439 -1.6016383   0.37234843  0.71296203
 -0.10995318  0.00561826 -0.01177084 -0.73990136  2.4989119  -0.12566157
  0.87276155  2.065666   -0.6929963   1.3204713   0.33465704  0.975378
  0.09098002 -0.04425158  0.9065174  -1.3066199   1.8344914   0.7444091
  0.45131078 -0.44878972  0.45629558  0.09062889 -0.7797939   0.39444932
 -0.17045094  0.05286813  0.47389203  0.8137115   0.22871749 -0.3336536
  0.12201955  2.318693   -0.23021449 -0.22753616  0.6424003  -0.66453075
  0.83151674 -1.1881089  -1.2829416  -0.11389603  0.3368438  -0.2264208
 -0.14973375  0.6411246   0.08351119  0.21579897 -1.0496147  -0.5094147
  0.28185123 -0.19248322 -0.853011   -1.3093166   0.24834123  0.9052494
  0.44908813  0.17054671  0.45772496  0.32591704  0.26206914 -0.22867529
  0.13283177  1.4142423   1.2996442   0.82834566 -0.41715333 -0.15363051]
Nearest to medoid: [-1.30780709e+00  1.38992488e+00 -1.08341122e+00  7.81935174e-03
 -1.40054822e+00 -7.16646016e-01 -1.00984907e+00 -1.40441823e+00
 -6.51487410e-02  2.89173424e-01  9.87805650e-02  1.25154161e+00
  9.33454990e-01  4.31357443e-01 -1.07627749e+00 -1.09556866e+00
 -4.40304369e-01  1.63115114e-01  6.06285870e-01  2.46282056e-01
  7.20707893e-01 -2.40769669e-01  1.47734070e+00  5.32828867e-01
  2.50236988e-02  3.81032050e-01 -1.29528791e-01  5.56775153e-01
  3.96681219e-01  8.59499991e-01 -4.35307145e-01  1.34209707e-01
 -8.58311415e-01 -7.35228002e-01  1.12416124e+00  9.53698575e-01
 -2.47135177e-01  1.74224690e-01 -1.39940298e+00 -4.53033328e-01
 -3.17047566e-01  5.90450466e-01 -9.03376818e-01 -9.54672396e-01
 -1.19251788e+00  7.54280612e-02  2.08413545e-02  7.64669061e-01
 -6.64345980e-01  1.97582811e-01 -5.41241169e-01 -3.29664022e-01
  3.82620215e-01 -8.90470028e-01  8.06887507e-01 -1.83385003e+00
  6.17793985e-02 -1.19320206e-01  3.00205112e-01 -6.11494121e-04
  5.81770897e-01  2.30018701e-02 -1.42043889e-01 -2.82096490e-02
 -7.55946994e-01 -3.37058425e-01  1.04066300e+00  8.80865753e-01
 -1.16746879e+00 -3.06502879e-01 -1.14786315e+00  6.44252241e-01
  5.81187308e-01 -1.18916118e+00 -1.24326992e+00  7.10042715e-01
  6.70224249e-01  5.98713934e-01 -2.64498293e-01  1.22021034e-01
  8.15241456e-01 -8.27187002e-01  2.43175745e-01  7.80158162e-01]
Relative distance from medoid to nearest: 0.733044
Cluster 7:
Medoid: [-2.1992462  -0.14688167  0.1982159  -0.3549522   0.40846077  0.40211853
 -0.5116237   0.7596542  -0.58774084 -0.325741   -0.8878517  -0.3283901
 -0.36527288 -0.8877745  -0.2970331   0.59786814 -0.33062002 -0.47195747
 -1.7212633  -0.15945332 -0.10681129 -0.20664255 -1.0673537   0.26622483
  1.7826732   0.24643636 -1.5252471  -0.08219837  0.7525036   0.31591862
  0.16332228  0.02026938  1.0533841  -0.9325167  -0.15029037 -1.0765399
 -0.9573663   0.2230625  -0.6994576   0.4118975  -1.0320306   0.32161364
 -0.36603898 -0.5869558  -0.11506002  0.59220904  0.54148936 -0.06455121
 -0.2579003  -0.33476448 -0.7678483  -0.56540245  0.5002081   0.36897656
 -0.590719    0.41055426  0.5483143  -0.46665692 -0.13801254  0.10050379
 -0.6018478  -0.35737896  1.0020145  -0.7519592   0.3930996  -1.1016634
  0.06536897  0.8358263  -0.37022358 -0.1943825  -0.03434564  0.8458013
 -0.1053682   0.5528791  -0.4555662   1.0659782   0.5164286   0.87801707
 -0.8942544  -1.0365534   0.290335    0.30907843  0.54234886  0.36662552]
Nearest to medoid: [-2.1992462  -0.14688167  0.1982159  -0.3549522   0.40846077  0.40211853
 -0.5116237   0.7596542  -0.58774084 -0.325741   -0.8878517  -0.3283901
 -0.36527288 -0.8877745  -0.2970331   0.59786814 -0.33062002 -0.47195747
 -1.7212633  -0.15945332 -0.10681129 -0.20664255 -1.0673537   0.26622483
  1.7826732   0.24643636 -1.5252471  -0.08219837  0.7525036   0.31591862
  0.16332228  0.02026938  1.0533841  -0.9325167  -0.15029037 -1.0765399
 -0.9573663   0.2230625  -0.6994576   0.4118975  -1.0320306   0.32161364
 -0.36603898 -0.5869558  -0.11506002  0.59220904  0.54148936 -0.06455121
 -0.2579003  -0.33476448 -0.7678483  -0.56540245  0.5002081   0.36897656
 -0.590719    0.41055426  0.5483143  -0.46665692 -0.13801254  0.10050379
 -0.6018478  -0.35737896  1.0020145  -0.7519592   0.3930996  -1.1016634
  0.06536897  0.8358263  -0.37022358 -0.1943825  -0.03434564  0.8458013
 -0.1053682   0.5528791  -0.4555662   1.0659782   0.5164286   0.87801707
 -0.8942544  -1.0365534   0.290335    0.30907843  0.54234886  0.36662552]
Relative distance from medoid to nearest: 0.000000
Cluster 27:
Medoid: [-3.3572779e+00 -7.1802366e-01 -5.0067300e-01  3.9272007e-01
  1.4504505e+00  3.7165606e-01  2.6319030e-01  9.5412546e-01
 -2.7297022e+00 -3.5653431e-02 -1.2780309e-03  6.0314417e-01
 -2.1592002e+00  5.2002949e-01 -5.0379539e-01  1.3580803e+00
 -1.9983014e-01 -8.8475627e-01 -4.1139182e-01 -9.8027748e-01
  1.4385221e+00  5.1706147e-01  1.8986183e+00 -1.1189755e+00
  9.5659181e-02  1.0662334e+00 -9.6605122e-01 -2.9484919e-01
 -4.1847000e-01 -7.7955163e-01  7.2093922e-01  1.2513366e-01
  2.3786280e-01 -1.0376687e+00 -2.1641135e-01  1.2801754e+00
 -7.0788640e-01 -7.9871225e-01  5.8477342e-01 -1.1226326e-01
 -4.2887297e-01  3.4693038e-01  1.0816509e-01 -1.8477772e+00
 -3.1498393e-01  5.9440744e-01 -7.7809048e-01  9.8351076e-02
 -3.5636938e-01 -2.7590388e-01 -1.3757848e+00  1.5708120e-01
 -7.5545138e-01 -5.1892126e-01  2.0021419e-01 -1.0544347e+00
 -1.2359986e-01 -6.9029611e-01 -5.3130174e-01  1.2831718e+00
 -8.8887548e-01 -1.7410024e-01 -3.2082558e-01 -6.9682872e-01
 -9.3576747e-01  2.4186160e-01  2.8699583e-01 -6.8931746e-01
  5.4859042e-01 -7.5135432e-02  1.0792834e+00 -4.2249158e-02
 -1.4004960e+00  7.6191199e-01 -4.3563989e-01  5.4073620e-01
 -1.7330846e-01 -6.5427192e-02 -7.6516390e-01 -1.0582796e+00
 -7.8461510e-01  8.0721486e-01 -1.0050631e+00 -1.4102182e-01]
Nearest to medoid: [-2.2260869e+00 -3.5313895e+00  2.0649705e+00 -1.8069708e+00
  1.0494448e+00  9.3589091e-01  1.4267582e+00  1.1672168e+00
 -3.0364549e+00  1.1371629e+00  1.4561161e+00  1.8292640e+00
 -1.8834874e-01  1.6324656e+00 -3.6249037e+00  1.7408209e+00
 -7.2164029e-01 -7.4534649e-01 -1.6007973e+00 -8.9828193e-02
  1.3047388e+00 -4.7991422e-01  4.6079880e-01 -1.6656232e-01
 -1.4953114e-01  2.5508136e-01 -1.7701079e+00  4.3344429e-01
  1.0053397e+00 -3.5103094e-03  7.6039302e-01  9.2922270e-01
  1.4840009e+00 -8.6233139e-01 -4.0472302e-01  7.6841213e-02
  8.1490844e-01 -3.0101517e-01 -2.7893496e-01 -1.6176176e+00
  1.3757701e+00  1.4701884e+00  2.5284621e-01 -6.0307395e-01
  1.0748746e+00  1.1488797e-01  2.5398540e-01 -2.7254969e-01
 -1.4797465e+00 -3.9873469e-01 -2.6670287e+00  5.4692525e-01
 -2.0009806e+00  2.7258024e-01  3.9018622e-01  4.1187219e-02
  1.5115682e+00 -5.1685941e-01 -7.2292453e-01 -2.4019400e-02
 -7.2992218e-01  4.0506569e-01 -2.4998800e-01  4.7380739e-01
 -2.8479449e-02 -1.1221783e+00  3.1918371e-01 -7.9448372e-01
 -1.2490786e-01 -5.8632821e-01 -4.0851384e-01  1.0900116e+00
 -1.5606452e+00 -8.2092077e-01  3.0103347e-01  3.9953959e-01
 -5.0850815e-01  2.0522645e+00  3.7556267e-01 -1.4975976e+00
 -5.5713427e-01  2.4698880e-01 -1.5495940e-01  4.5057639e-01]
Relative distance from medoid to nearest: 0.870958

Inertia: 1030478.068949
Davies: 3.658114
Silhueta: -0.000328
Variance = 0.850000
Number of components: 93
Explained variance: [0.040621   0.02683965 0.02187245 0.02077951 0.01933539 0.01810486
 0.01606806 0.01468032 0.01444064 0.01389756 0.01336962 0.0129348
 0.01258045 0.01237293 0.01215537 0.01136193 0.01128902 0.01108181
 0.01083017 0.01066875 0.01049106 0.01032733 0.01015497 0.01007959
 0.00993166 0.00986783 0.00961628 0.00957245 0.00943594 0.00934788
 0.00924087 0.00918612 0.0090081  0.00891802 0.00867082 0.00857369
 0.00844992 0.00831019 0.00825271 0.00823801 0.00818977 0.00797207
 0.00789876 0.00782331 0.00778458 0.00769058 0.00757853 0.00746858
 0.0074212  0.00741711 0.00730169 0.00723789 0.0071881  0.00716336
 0.00711265 0.00707639 0.00693135 0.00689798 0.00682936 0.00669624
 0.00665391 0.00657589 0.00655887 0.00649864 0.00639126 0.00637048
 0.00629951 0.00627259 0.00621404 0.00617864 0.00608763 0.00607404
 0.00600079 0.00597119 0.00591257 0.00586086 0.00585329 0.0057555
 0.00568184 0.00565281 0.00563094 0.00555479 0.00553814 0.00551546
 0.00548076 0.00544203 0.00536602 0.00531348 0.00526302 0.00523486
 0.00520434 0.00513876 0.0050939 ]

Cluster 12:
Medoid: [ 0.12702997  0.6373897   0.4536029   0.39715967 -0.60951436  0.4694478
 -0.21369408 -1.1757324   0.26361    -0.49960095  0.9607866  -0.6156081
  0.5860536  -0.64203495 -0.39526615 -1.9344583  -0.84211564 -0.13809484
 -0.5422246  -0.34378716 -0.5486155  -0.39100078 -0.6767471   0.06592575
 -0.31046513  0.0084332  -0.09080846 -0.44420463 -1.0018197  -0.24149439
 -0.6004584   0.21254508 -1.5792818  -0.06765277  0.08681288 -0.43120083
 -0.11724719 -0.44521922  0.16434366  1.4481937   0.13026798 -0.4108913
 -0.16107899  0.17669584 -0.285485   -0.28242844 -0.8279067   0.4925967
  0.27243876  1.2967957   0.36294404  0.97739136 -0.34255236  1.0367373
  0.24442434  0.01039285  1.1942182  -0.3068353   0.56515884  0.24919781
  0.32421282 -0.06915902 -0.08578389 -0.30977526 -0.01385665 -0.45562747
  0.5855124  -0.167091    0.78298694  0.02043661 -0.6985336  -0.27424815
 -0.3901763  -0.3967915  -0.01249588  1.1234791  -0.22509722 -0.81600296
  0.50784737 -0.5008435  -0.28236967 -0.20457114 -0.24383444 -0.30182427
 -0.15464976 -0.81541234  1.1795415  -0.03673238 -0.3989945  -0.57875675
  0.5788182   0.13503942  0.09378918]
Nearest to medoid: [ 0.73474354  0.46626273  0.08721209 -1.2408179   0.6029474   1.3582408
  0.25406203 -1.4103632   1.0983688  -0.0410269   0.14940673 -2.3115654
 -0.34003934 -0.13607359 -0.52901065 -0.74053997 -0.1401168   0.3865657
 -0.42296976  0.04914078 -0.43811333 -0.2285102   0.03481349  0.09606452
  0.03790533  0.03576138  0.4425768   0.5754718   0.03635704  0.7951673
  0.22470315  0.09786907 -1.0581679  -0.1319415   0.6879393  -0.63006747
  0.53054696  1.0422682   0.13879366  0.84127027 -0.06404034  0.3922007
 -0.26945394 -0.24371836 -0.90079546  0.9726972   0.08285694  0.82669675
  0.50796765 -0.52385896  0.66150147  0.58269477  0.07601049 -0.00458221
 -0.37441704 -0.39812684 -0.05321247 -0.63892585  0.06280218 -0.5706746
  1.1627477   0.7580581  -0.07313713 -0.35805824  0.14350462  0.43838134
 -0.03411265  0.05790242 -0.76360595 -1.2417063  -0.00552684 -0.08303431
 -0.1454184  -1.4911377  -0.414897    0.57731193 -0.19407994 -0.12582599
 -0.1894445  -0.27952832 -0.05528673  0.4041636   1.3328501   0.29936662
  0.00870745 -1.3243924  -0.88208646 -0.22191723  1.0996643  -0.73725766
 -0.23196082  0.38998815  0.2267586 ]
Relative distance from medoid to nearest: 0.694121
Cluster 27:
Medoid: [-3.3600812e+00 -2.4131124e-01 -1.9880468e-01 -2.4730034e-01
  1.4991471e+00  6.6026503e-01 -4.3907508e-01  8.1419110e-01
  1.3089275e+00 -5.1483446e-01 -8.0759269e-01 -7.7374589e-01
 -8.5550749e-01  4.3971917e-01  4.1710430e-01  8.9119387e-01
  8.9897394e-01 -3.5346676e-02  2.3206547e-02  6.5083206e-01
  2.3499830e-01 -6.1443371e-01 -1.8992174e-03 -7.6595806e-02
 -1.3243376e+00  1.6645375e+00 -3.7087061e-02  5.6700063e-01
  5.4292315e-01 -4.8130786e-01  1.4289506e-01 -1.2001033e+00
 -8.0231160e-01  1.9213955e-01 -2.3236004e-01 -7.0208156e-01
 -1.0950017e+00  3.2609379e-01  4.6709340e-02 -1.0495560e-01
  4.7211388e-01 -3.3500314e-02 -4.4367182e-01 -6.7694521e-01
 -1.9763589e-02  8.2860649e-01  4.6143445e-01 -2.6500535e-01
 -1.7993228e+00  4.9405545e-01  3.6638615e-01  4.8842570e-01
 -1.5704711e-01  7.1041828e-01 -2.0399590e-01 -9.8160642e-01
 -3.4883723e-01  6.8182170e-01 -5.9901249e-01 -2.5360742e-01
 -6.0850662e-01 -4.8858553e-01  1.4413987e-01 -3.9033991e-01
  1.3119788e+00  1.4582504e+00 -2.9199025e-01  5.5553454e-01
 -1.4982735e-01  6.5697736e-01  2.1795575e-01  2.4774089e-01
 -3.6850604e-01 -9.3772560e-01  2.8287932e-01  3.7931360e-02
 -8.1689753e-02 -1.6208386e-01 -1.0635003e-02  6.3757367e-02
 -3.4477627e-01  6.2958229e-01 -6.4894378e-01  2.7418122e-01
 -5.5874306e-01 -1.8673185e-01 -1.0914883e-01 -2.9659000e-01
 -2.2703615e-01  3.4486195e-01  6.1853015e-01 -1.0779724e-01
  5.3563923e-01]
Nearest to medoid: [-3.3600812e+00 -2.4131124e-01 -1.9880468e-01 -2.4730034e-01
  1.4991471e+00  6.6026503e-01 -4.3907508e-01  8.1419110e-01
  1.3089275e+00 -5.1483446e-01 -8.0759269e-01 -7.7374589e-01
 -8.5550749e-01  4.3971917e-01  4.1710430e-01  8.9119387e-01
  8.9897394e-01 -3.5346676e-02  2.3206547e-02  6.5083206e-01
  2.3499830e-01 -6.1443371e-01 -1.8992174e-03 -7.6595806e-02
 -1.3243376e+00  1.6645375e+00 -3.7087061e-02  5.6700063e-01
  5.4292315e-01 -4.8130786e-01  1.4289506e-01 -1.2001033e+00
 -8.0231160e-01  1.9213955e-01 -2.3236004e-01 -7.0208156e-01
 -1.0950017e+00  3.2609379e-01  4.6709340e-02 -1.0495560e-01
  4.7211388e-01 -3.3500314e-02 -4.4367182e-01 -6.7694521e-01
 -1.9763589e-02  8.2860649e-01  4.6143445e-01 -2.6500535e-01
 -1.7993228e+00  4.9405545e-01  3.6638615e-01  4.8842570e-01
 -1.5704711e-01  7.1041828e-01 -2.0399590e-01 -9.8160642e-01
 -3.4883723e-01  6.8182170e-01 -5.9901249e-01 -2.5360742e-01
 -6.0850662e-01 -4.8858553e-01  1.4413987e-01 -3.9033991e-01
  1.3119788e+00  1.4582504e+00 -2.9199025e-01  5.5553454e-01
 -1.4982735e-01  6.5697736e-01  2.1795575e-01  2.4774089e-01
 -3.6850604e-01 -9.3772560e-01  2.8287932e-01  3.7931360e-02
 -8.1689753e-02 -1.6208386e-01 -1.0635003e-02  6.3757367e-02
 -3.4477627e-01  6.2958229e-01 -6.4894378e-01  2.7418122e-01
 -5.5874306e-01 -1.8673185e-01 -1.0914883e-01 -2.9659000e-01
 -2.2703615e-01  3.4486195e-01  6.1853015e-01 -1.0779724e-01
  5.3563923e-01]
Relative distance from medoid to nearest: 0.000000
Cluster 31:
Medoid: [ 1.0357764  -0.42172524  1.0639318  -1.385907   -0.7471413   0.68984896
  0.43784755  1.975266   -1.0384146   0.14823543  0.33277908  0.23956831
  0.40172896 -0.50127596 -0.16341297  0.16291915  0.66392016 -1.6921419
  0.6828267   0.67300653 -0.2358745  -0.5512557   0.25388452 -0.52359927
 -0.00928227  0.7423512  -1.2914925  -0.8593346   1.7551569  -0.05886187
 -0.28068623 -0.0309064   0.8269106   0.69422305  0.78601366  0.6380411
 -1.0628172   1.3953494  -0.8938512   0.03595838  1.1006719   0.07038425
  0.30249378  0.13555259  0.5426362  -0.05923674 -0.30831864 -0.9254407
  1.5300014   1.3274978  -0.07594571 -0.45614558 -0.45510504 -1.7385709
  0.07483554 -0.44704828  0.73435605 -0.10648391 -0.30763158  0.5211228
 -0.13245551 -0.5733176  -0.43969268 -0.3101918   0.20447172  0.8119885
 -0.23846638  0.41977885 -0.2844845   0.24495836  0.87273586 -0.15577714
 -0.52476734  0.23427783  0.18245313  1.9721111   0.6657548  -1.2503026
  0.80790377 -0.24463166 -1.0440539  -0.33077747  1.1151365   0.20116356
 -0.8011969   0.5032135   0.0636875  -0.4179002  -1.027377    0.43799314
 -0.3643427   0.17461574 -0.8478902 ]
Nearest to medoid: [ 0.6820831  -0.86968684 -0.68165153 -0.39034054  0.86768275  0.08052144
  1.7117583   0.74479586 -2.9941835  -0.7847386  -0.60094994  0.222298
  1.3562531   0.70734996  0.6767063   0.01435487 -0.26607043  0.06246088
  1.3372207   0.64881605 -0.4423187  -0.05857987 -0.94588023  0.4343038
 -0.9276958  -0.27912697 -0.24174559  1.1257043   0.6908726  -0.5552398
  0.27444366  0.522441    0.5622698   0.08883125 -0.36207053 -0.4969764
  0.40960664  0.26148915  0.1216837  -0.9742576  -0.24064662 -0.21498637
 -1.1875135  -0.5778724  -0.5440016   0.08818788  0.12443244  0.5578742
  0.18957597  0.61856997 -0.2899913  -2.1474695   0.4380982  -0.5043826
  0.09303872 -0.23695715  0.5755698  -0.8021074   0.8373845   1.8460646
  0.11653337  1.1704879  -0.737801    0.06558539  2.2675679  -0.3559523
 -0.3012832   0.48358688 -0.03522597 -0.04110591  0.30145186  0.53079134
  0.2980944  -0.2875723  -0.804162   -0.25709715  0.80989397 -0.6234051
 -0.11555102  0.14231725 -2.086043   -0.8854783  -0.37228212 -0.1938824
 -0.45925286  0.10499309  0.39488286 -0.9170978  -0.16413614  0.03315251
 -0.31217393 -0.5640695   0.16625243]
Relative distance from medoid to nearest: 0.680472

Inertia: 1108792.942548
Davies: 3.896460
Silhueta: -0.004529
Variance = 0.900000
Number of components: 103
Explained variance: [0.040621   0.02683965 0.02187245 0.02077951 0.01933539 0.01810486
 0.01606806 0.01468032 0.01444064 0.01389756 0.01336962 0.0129348
 0.01258045 0.01237293 0.01215537 0.01136193 0.01128902 0.01108181
 0.01083017 0.01066875 0.01049106 0.01032733 0.01015497 0.01007959
 0.00993166 0.00986783 0.00961628 0.00957245 0.00943594 0.00934788
 0.00924087 0.00918612 0.0090081  0.00891802 0.00867082 0.00857369
 0.00844992 0.00831019 0.00825271 0.00823801 0.00818977 0.00797207
 0.00789876 0.00782331 0.00778458 0.00769058 0.00757853 0.00746858
 0.0074212  0.00741711 0.00730169 0.00723789 0.0071881  0.00716336
 0.00711265 0.00707639 0.00693135 0.00689798 0.00682936 0.00669624
 0.00665391 0.00657589 0.00655887 0.00649864 0.00639126 0.00637048
 0.00629951 0.00627259 0.00621404 0.00617864 0.00608763 0.00607404
 0.00600079 0.00597119 0.00591257 0.00586086 0.00585329 0.0057555
 0.00568184 0.00565281 0.00563094 0.00555479 0.00553814 0.00551546
 0.00548076 0.00544203 0.00536602 0.00531348 0.00526302 0.00523486
 0.00520434 0.00513876 0.0050939  0.00506555 0.00502898 0.00496858
 0.0049504  0.00491228 0.0048803  0.00482602 0.00474381 0.00471566
 0.00466539]

Cluster 49:
Medoid: [-2.4299612   0.68074894 -0.06351946  0.08682687  1.1681837   0.85153383
  0.24233954 -0.9324943  -1.4383601  -1.191566   -0.9043367  -0.13274947
 -0.14441565 -0.44563052 -0.3370667   1.7697375   0.17364599 -1.2959225
  1.272758    1.1432056   0.556654    1.5840418  -0.44902772  0.6658911
 -1.0146792   2.030061    0.68277097  1.3673041  -0.7732205  -0.3871889
  0.09004071 -0.9986845  -0.21832201 -0.5122218  -1.1736267   0.3978951
 -1.5123488  -1.0707967   1.0506722   0.6806758  -1.1355428  -0.63899374
  0.49340323  0.49758065 -0.09210908  0.30233327  0.82780135  0.9942099
 -0.30237958  0.05729034 -0.05336473  0.5469337  -0.5783236   0.7137798
 -0.343751    0.12127887  0.70751023 -0.10817581  0.36369008  0.15135117
  0.05336984  0.1119298  -0.8683584  -0.3233259  -0.3703763  -0.60758543
  0.64190716  0.09186444  1.0696601  -0.46858808 -0.02033219 -0.62245345
 -0.64661026  0.32097366  0.7483569  -0.4302418  -0.5320988  -0.01908548
 -1.4954612  -0.31967208 -0.7972495  -0.3619929  -0.18416737  0.29787704
  0.8326426  -0.3535398   0.2262515   0.24228317 -0.21722114  0.15161052
 -0.34282455 -0.29349396 -0.13859597 -0.51246667 -0.1606363   0.39343312
 -0.82251537  0.27341345  0.67847556 -0.1911574   0.06284124 -0.01944628
  0.32854912]
Nearest to medoid: [-1.2930392  -0.7954611   1.091234   -2.1435556   0.14030029 -0.42973933
 -0.40114626 -0.78447497 -0.40919533  0.3107412   0.40895635  0.6944429
 -0.22603922 -0.5027194  -1.7952338  -1.1731311   0.21489623 -0.51605093
 -0.70311207  1.2049384   0.8674678   1.371096   -1.2718077   0.08136722
 -0.3952351   0.2646704   0.12574594  2.7015681  -0.05563745  0.5729584
 -0.96211666  1.3279454  -0.06727208 -0.5374388   0.78633773  0.8473957
 -1.1354388   0.10065427  0.83486146  0.3710391  -1.3294092  -0.38550922
  0.36844015  0.03085509 -0.28501925 -0.3338602   0.18558162  0.44859126
 -0.18221356  0.03730814  0.81526726  0.7059035  -0.04313691  0.3455615
 -0.8709932   0.21762723  0.06082785 -0.457846    0.05648987  0.5910664
  0.47092876  0.9443911  -0.7816762  -0.28541902  0.17636709  0.17608751
 -0.5486513   0.06900878  1.2254359  -0.15405603 -0.10307421  0.19770403
 -0.68816805  0.6513036  -0.71948373 -0.7420247  -0.01879355 -0.6062
 -0.7257299   0.07286497 -0.9927855   0.79309446 -0.7266412   0.29020202
  0.64595646  0.16739035  0.48460934  0.22074519 -0.49778014 -0.46480855
  0.06155466  0.16865782  0.85508215 -0.40154794 -1.0279456  -0.43360335
 -0.81639     0.06288219  0.02714293 -0.27894074  0.71639496  0.7742961
 -0.71090156]
Relative distance from medoid to nearest: 0.716821
Cluster 55:
Medoid: [-2.0291853   0.9293662   0.23114526 -0.47663218 -0.50152135  0.50111693
  1.0762223  -0.05121824  0.66892916  0.5584208  -0.48865137 -2.1362896
 -0.7590735  -0.531199   -0.9464004  -0.14968118 -1.4287739   0.14329384
 -1.3380545   0.11880779 -0.80216116 -1.2672487  -1.3372822   0.4928645
 -0.06422364 -0.86186     0.88050145  0.09684383 -0.29896158  0.04952034
  0.41216847 -0.8021958  -0.30298653  0.79375345  0.17467858  0.43880615
  0.60718703 -0.6963782  -0.16054185  0.8483528  -0.10776939  0.013178
  0.7000308   1.1287271   0.08744475  0.4251061   0.40701768  0.36031255
 -0.07248454 -0.82781875  0.8954621  -0.18975465  0.0542822   0.0418654
 -0.32644922 -0.20819677 -0.16171801 -0.4456401  -0.02702437 -0.30303907
  0.3069963   0.22167389 -0.08625036 -0.87121326  0.80525374 -0.40648565
  0.27727723 -0.09321511 -0.47187456  0.6678347  -0.52161175 -1.6166744
 -0.5266956   0.02092471 -0.4393913  -0.30204526 -1.1980518  -0.42563772
  0.5103575  -0.06573977 -0.81485987  0.45466077  1.2209831  -0.5725202
 -0.47314993 -0.87621295  0.6416411  -0.63544196  0.33721355 -0.15124577
  0.03453139 -0.5773785   0.6986767  -0.71559733  0.07865877  0.56086725
 -0.12299277 -0.13716996 -0.03318221  0.34694797  0.09656841 -0.12396143
  0.04784515]
Nearest to medoid: [-2.0858734e+00 -3.7756261e-01 -1.1155026e-01 -9.2688817e-01
 -2.0282894e-02 -5.9507036e-01  1.2421529e+00  1.1859105e-01
  1.7068167e+00  2.1024490e-02 -3.8544599e-02 -1.4645964e+00
  9.7262949e-02 -6.7943364e-02 -6.1682326e-01  6.1277312e-01
 -1.4291337e+00  3.6240119e-01 -7.0356964e-03  7.4337423e-01
  7.2410506e-01  5.3575076e-02 -1.8346041e+00 -4.8257336e-01
  8.1992733e-01 -3.1730497e-01  1.0770998e-01  4.9435315e-01
  1.2220459e-01  3.4067607e-01  5.8132577e-01 -2.2817968e-01
  3.4378120e-01  1.3892941e+00 -7.5257701e-01  9.5894045e-01
 -1.0661375e-01 -5.2764756e-03  2.8301565e-02  8.3923030e-01
 -7.3404431e-01  1.4557374e-01 -7.0913070e-01  1.0101383e+00
 -1.4062269e-01  3.7019860e-02 -6.0553336e-01  1.4956708e+00
  8.0632567e-01 -5.2814835e-01 -3.2893738e-01  1.4340123e+00
  1.0731775e+00 -1.7331918e-01 -4.6524909e-01 -5.6004894e-01
  2.4101408e-02 -1.1759628e-01  1.8248609e-01 -3.0886687e-02
 -8.8662043e-02 -7.5230998e-01  6.0756409e-01 -5.9273463e-01
  1.3085066e+00  3.6395371e-01  5.1374477e-01  4.9887869e-01
  2.1704994e-01  1.2294737e-01 -4.3644436e-02  4.9017988e-02
 -4.2608511e-01 -3.0580488e-01 -1.0898150e-01  7.9081106e-01
 -6.2636441e-01  2.7910697e-01  3.6889082e-01  8.8799274e-01
 -1.0370462e+00  2.7156869e-01  9.0869999e-01  3.7389454e-01
 -1.0479352e+00 -3.6047137e-01 -4.4964007e-01 -1.6589030e-03
  1.5573601e-01  2.9243502e-01  1.6905093e+00 -9.6140307e-01
 -3.8344300e-01 -9.6048921e-01 -2.5390050e-01 -3.0072784e-01
 -3.6861184e-01 -1.3339418e+00  8.0841494e-01 -3.7656683e-01
  3.3330089e-01 -9.5960550e-02  1.4630488e-01]
Relative distance from medoid to nearest: 0.716570
Cluster 17:
Medoid: [-2.6203709e+00  8.8146877e-01  2.5653759e-01  1.4807984e+00
  5.6130916e-01  6.8409644e-02 -3.7897992e-01 -8.7824762e-01
 -5.6191194e-01 -5.0574068e-02 -1.8202713e-01  3.9723074e-01
  9.7046167e-01  5.3658605e-01 -5.1727664e-01  8.4403402e-01
  5.9905046e-01  2.4288049e-01  6.3583177e-01  1.0836911e+00
  3.6575553e-01  2.6315108e-01  2.5320387e-01  6.3430882e-01
 -1.3060317e+00 -1.8789577e-01  4.4649106e-01  5.0262380e-01
  5.3552413e-01 -2.7609029e-01 -1.3968340e-01  4.3091807e-01
 -2.7534518e-01  7.5315183e-01 -6.7160085e-02  8.6782448e-02
 -7.3483115e-01  3.3546138e-01  2.5796717e-02  1.8157601e-01
 -2.3378363e-01 -3.6524735e-02  9.7056270e-01  8.0556087e-03
 -1.8876361e-02 -9.5293307e-01  3.8164368e-01  1.0685521e-01
 -2.6337594e-01  6.1216116e-01 -9.5518976e-01  5.8851570e-01
 -5.9816462e-01  7.4927992e-01 -3.2217029e-02  1.3556500e-01
  5.0818211e-01 -4.3783733e-01 -1.1513184e-01 -6.5030378e-01
  6.1063993e-01 -2.1250175e-02  7.0510209e-01  6.8335009e-01
  2.6638556e-01  1.0678656e-01 -1.7231354e-01  5.8687460e-01
 -2.2960630e-01  2.4038683e-01 -6.6632158e-01  1.9683173e-02
  4.6860608e-03  1.3462454e-01  5.6581157e-01  5.1654119e-02
 -2.9580116e-01  5.9786685e-02  3.1105396e-01  6.6445696e-01
 -5.7115336e-03 -4.4068646e-02  1.4039223e-02 -5.2024597e-01
  6.2799275e-02 -5.1707852e-01  4.0757513e-01 -1.3315748e-01
  8.6568959e-02  1.2750149e-03 -6.3624299e-01  1.9546191e-01
  2.1780640e-01 -2.4701659e-01 -6.9038123e-02 -1.2014194e-02
  6.5452605e-03  3.0563205e-01 -1.9958198e-01 -8.7543331e-02
  1.6165186e-01 -4.6133140e-01  1.2313560e-02]
Nearest to medoid: [-2.1567628   1.1362128  -0.5493196   1.8377581   0.7275206  -0.30598384
  0.48476514 -0.24200968 -0.3963328   0.6995676   0.13217345 -0.4538772
  0.6543346   0.89721113  1.1804656  -0.43799707  0.54836583  1.0755156
  0.3353051  -0.67738295  0.41839185 -0.50281477  0.05669699 -0.19289215
 -1.1907772  -0.19319914  0.36937505  0.62325245  0.00699011  0.43895835
 -0.05408686  0.59174305  0.32195726 -0.17834492 -0.11407402  0.6822394
 -0.28345647  0.8120925  -0.03917609 -0.6147582   0.31831864  0.07525218
  0.10154611  0.77744865 -0.01983408 -0.27442193 -0.3332516   0.6191927
  0.21530317 -0.03805964  0.07627743 -0.20017503  0.03703799  0.4746011
  0.20474346 -0.7346359   0.1996521   0.36900616 -0.40608287 -0.3452836
 -0.20490332  0.41800156  0.29691896  0.2051254  -0.40385327 -0.12964028
  1.1359599  -0.10675737 -0.47440633 -0.26667628 -0.3199324  -0.4715223
 -0.43683904  0.15424173 -0.19110982  1.1190217  -0.31385583  0.5081498
 -0.11006972  0.5742641  -0.68055123 -0.504061    0.11693808  0.378383
  0.16640852  0.24049537 -0.08633441 -0.17680036  0.41022512 -1.2606045
  0.48776022  0.8596136  -0.13731061 -0.46114534 -0.05572825  0.87895197
  0.7118949   0.3837046   0.30897668 -0.15029988  0.7352586  -0.06265334
 -0.02260773]
Relative distance from medoid to nearest: 0.708700

Inertia: 1186119.008850
Davies: 3.742485
Silhueta: -0.006231
Variance = 0.950000
Number of components: 115
Explained variance: [0.040621   0.02683965 0.02187245 0.02077951 0.01933539 0.01810486
 0.01606806 0.01468032 0.01444064 0.01389756 0.01336962 0.0129348
 0.01258045 0.01237293 0.01215537 0.01136193 0.01128902 0.01108181
 0.01083017 0.01066875 0.01049106 0.01032733 0.01015497 0.01007959
 0.00993166 0.00986783 0.00961628 0.00957245 0.00943594 0.00934788
 0.00924087 0.00918612 0.0090081  0.00891802 0.00867082 0.00857369
 0.00844992 0.00831019 0.00825271 0.00823801 0.00818977 0.00797207
 0.00789876 0.00782331 0.00778458 0.00769058 0.00757853 0.00746858
 0.0074212  0.00741711 0.00730169 0.00723789 0.0071881  0.00716336
 0.00711265 0.00707639 0.00693135 0.00689798 0.00682936 0.00669624
 0.00665391 0.00657589 0.00655887 0.00649864 0.00639126 0.00637048
 0.00629951 0.00627259 0.00621404 0.00617864 0.00608763 0.00607404
 0.00600079 0.00597119 0.00591257 0.00586086 0.00585329 0.0057555
 0.00568184 0.00565281 0.00563094 0.00555479 0.00553814 0.00551546
 0.00548076 0.00544203 0.00536602 0.00531348 0.00526302 0.00523486
 0.00520434 0.00513876 0.0050939  0.00506555 0.00502898 0.00496858
 0.0049504  0.00491228 0.0048803  0.00482602 0.00474381 0.00471566
 0.00466539 0.00463399 0.00462927 0.00459327 0.00452058 0.00447229
 0.00443354 0.00439455 0.00434732 0.00433563 0.00424541 0.00423535
 0.0041988 ]

Cluster 7:
Medoid: [-0.18759924 -0.07653773  0.46842858 -0.8130907   0.74723136  0.30164778
  0.17041244 -0.4170634  -1.5873013  -0.28954628 -0.85847956 -0.00546108
 -0.6660409  -0.45288724 -0.87029964  1.0415195  -0.30654144  0.7042887
 -0.11807814  0.7924806   1.2781593   1.7596163  -0.9596868   0.43300343
 -0.5586619  -0.49236256  0.49452662  1.166784   -0.30907702  1.8390721
 -1.8031996  -0.1969543  -0.24539521 -1.1950487   0.21429363  0.21307018
 -1.5279193  -0.75974447  0.15316853 -0.32136056 -0.18180114  0.31660634
  0.06577529  0.2393065  -0.2417992  -0.1524817   0.14303471  1.2339375
 -0.61868316 -0.56825304  0.7043806   0.01288882 -0.42351204  0.47588217
  0.23811343  0.56754595 -0.23772949 -0.26094228  1.0796454  -0.372623
 -0.15697794 -0.7547851  -0.23827249 -0.48938903  0.5088498  -0.04216392
  0.05754137  0.8630752  -0.4834278   0.2115037  -0.235683    1.0313036
  0.14214186 -0.22464022 -0.23736368  1.4324449   0.499102   -0.12115332
  1.2385545  -0.1783795  -0.42215344  0.9731427   0.37919495  0.6491258
 -0.13986771 -0.05478016 -0.11578435  0.5454959  -0.57619494 -0.88468695
 -0.6191332  -0.43121544 -0.25520512 -0.03957054 -0.58497614  0.12817101
  0.510534   -0.75302416  0.8646841   0.8272197   0.11742084  0.24345285
  0.6444316  -0.598362   -0.66364443  0.22098151  0.21173874  0.67043763
  0.09953822  0.11623781 -0.32922068 -0.99289984  0.33551666 -0.8581188
  0.24375917]
Nearest to medoid: [-2.0737195e-01 -1.1882107e+00  1.5823241e+00  8.0289654e-02
 -6.5459561e-01  1.1004847e+00  1.1633854e+00 -1.4717071e-01
 -8.9618152e-01 -1.0888040e+00  4.7189277e-02 -1.7670839e-01
  7.3126537e-01 -5.8718646e-01 -1.1832922e+00  1.6095654e+00
  5.6460452e-01 -5.0009447e-01  2.6915500e-01 -1.0686328e+00
  8.9747262e-01  8.6711347e-01  2.5589857e-01  7.9837012e-01
 -9.4925642e-01  1.1442041e+00  4.6527822e-02  1.0724455e+00
  7.2125888e-01  1.6481262e-01 -1.6946844e+00  4.3934104e-01
 -3.8413447e-01 -8.2380384e-01 -7.6750040e-02  4.1994387e-01
  1.8954408e-01 -5.2323246e-01 -1.2565193e-01  4.0755615e-01
 -5.5416226e-01  2.2368701e-01 -1.3892910e+00 -5.9720004e-01
  1.2864044e-01 -1.8985665e-01 -8.8151670e-01  1.1068901e-02
 -3.3231297e-01  7.3991466e-01 -7.9035960e-02 -1.4114706e-01
  7.8107440e-01  5.1940385e-02  5.5787271e-01 -2.7088889e-01
  6.4386570e-01 -6.2982631e-01 -4.1481560e-01 -3.4252450e-02
  1.1992543e+00  3.4289590e-01  3.1075162e-01 -1.5040683e+00
 -7.9009384e-01 -1.1191972e-01 -4.1486168e-01  1.0524565e+00
  3.8684487e-01 -6.7083853e-01 -2.8108966e-01 -1.8752299e-04
  9.3847945e-02 -5.1139557e-01 -2.0652197e-01  2.3516451e-01
 -1.0795714e+00 -8.7071568e-01 -5.2342910e-01  2.3939969e-01
  2.0343484e-01  9.0791941e-02 -1.8393427e-01  7.4828751e-02
  9.5103204e-01 -7.0282251e-01  8.2875210e-01  2.1476001e-02
  5.0376391e-01  6.3815957e-01 -6.3722825e-01 -7.3894727e-01
  3.3326492e-02  1.3419490e-01 -8.8724399e-01  2.6746586e-01
 -9.7701031e-01 -2.0070887e-01 -3.2641652e-01  2.6592523e-01
 -9.0627688e-01 -5.8889633e-01  7.7028006e-02  3.5427399e-02
 -5.3642136e-01  1.8992452e-01 -9.3027338e-02  7.9858744e-01
  1.0901355e-01 -6.8866867e-01  3.7955162e-01 -6.1455309e-01
  2.1066275e-01  9.9881273e-04 -6.7456174e-01]
Relative distance from medoid to nearest: 0.709494
Cluster 3:
Medoid: [-1.4325119   0.2520689  -0.539725   -1.8029935  -0.68100953 -1.6425064
 -0.06400094  0.9146582  -0.0956272  -0.07501802  0.47620717 -0.1780267
 -0.3016651  -0.8953504   0.26505277 -1.0295357   1.2800227  -1.0946779
  0.7900186  -0.1600962  -0.50844806  0.96895117  0.46505135 -0.0522243
 -0.8127819   0.45327908  0.77744615  0.19222009 -0.236998    0.5962244
 -0.30950028 -0.6194983  -0.5765559  -0.15573077 -0.4151965  -0.08626648
  0.42836413  0.43022978  0.5042268   1.1693288  -0.4679121  -0.03542421
 -0.73337954 -0.95272774 -0.08788533  0.04070017 -0.01489781 -0.87303066
 -0.15591434 -0.32988518  0.03279925 -0.01928045  0.10538444 -0.2568201
 -0.36516768 -0.38074782  0.19457664 -0.16845353  0.6059935   0.26107827
 -0.559816    1.0071294  -0.6839862   0.73149115  0.13601828  0.23314126
  0.07067427 -0.04579724 -0.09360125 -0.47255594  0.06130732  0.17925109
 -0.01085014 -0.18962578 -0.03059172  0.633431   -1.169177   -0.00997818
  0.05400816 -0.6576276   0.12554961 -0.3948995   0.44315785 -0.46415746
 -0.36899716 -0.4169644   0.54591197  0.25004667 -0.41024166  0.79103386
  0.18133296 -0.32498592 -0.6681707  -0.1500111  -0.36062035 -0.05619374
  0.07516931  0.37951225 -0.3427934   0.8811399  -0.38941     0.16270638
 -0.09565364 -0.07233132  0.45392412 -0.55077654 -0.28576675  0.46871537
  0.26477042  0.05492423  0.6141598  -0.3950114   0.15126263 -0.20066158
 -0.14877264]
Nearest to medoid: [-0.13585933  0.15226217  0.88528085 -1.6780778  -0.39525622  0.01807708
  0.17119397  1.0147982  -0.1316756  -1.151572    0.52296674  1.1304927
 -0.4936643  -0.34554195  0.7161307  -0.1133469   0.39295748 -0.26347914
  0.47216246  1.0326204   0.21830003  1.2905191   0.06103803 -0.6912088
 -0.05503682  0.2018799   0.89704347  0.09143303 -0.5074826   0.49967292
 -0.09474862 -0.3527882  -0.15706457 -0.08060451  0.13102712 -0.47418192
 -0.71782523 -0.39801076  1.3503758   0.40731743 -0.9046405  -0.05237034
  0.5351046  -1.2283536  -0.25415576 -0.22135293  0.58760464 -0.36757442
 -0.10481769 -0.23453154 -0.30148852 -0.5782457   1.1571792   0.6641783
 -0.35146222 -0.63414365 -0.08305442  0.00961066 -0.26151907 -0.2894154
 -1.0706521  -0.13721266 -0.5529953  -0.660522    1.2780273  -0.19007424
  0.6700344  -0.7681905  -0.72613144  0.31260276 -0.8264206   0.71464103
 -0.5426618  -0.48864114 -0.23711129  0.4813059   0.33291584  1.2373779
  0.39521566 -1.194986   -1.3871323   0.09691243 -0.5423005  -0.58125144
 -0.13914612 -0.09351035  0.23056114  0.89236     0.6375329   0.31783056
 -0.5414461   0.4896411  -0.26291764  0.6191536   0.27085623 -0.12081294
 -0.183414   -1.3967607   0.15412074  0.4349986  -0.49927905  0.40336674
 -0.2977659  -0.44426805  0.09796277 -0.11013339  0.3146854  -0.69204664
 -0.25618938 -0.04279697 -0.0767908   0.01149623 -0.27889746 -0.25991514
  0.36218107]
Relative distance from medoid to nearest: 0.673874
Cluster 22:
Medoid: [ 2.362114   -3.6019282   1.2142601   2.007063   -3.3427808  -3.2143545
 -0.8164932  -1.5636623   0.59702367 -0.26333502  0.00615708  0.36283603
 -0.8187052   1.4559519   0.17288025  0.6079603  -1.0876311   0.89393044
  1.1743288  -0.15427712 -0.25975683 -0.99014294  0.15285787  1.1199788
 -0.7758537   1.9527516  -0.86453116  0.87309605  1.2703801   1.1442705
  0.6893861  -0.63591933  0.5237376   1.2605083  -0.34048977 -2.4301798
 -0.29424292 -0.6593993  -1.7343079  -0.56922984  0.07170546  0.19064035
 -0.14699197  0.5663979   1.281604    0.7546616   0.44108465  0.64318895
  1.1780903  -0.39448652  0.41744986 -1.5850277  -0.01601009 -0.06040977
 -0.48666605  0.24243191 -1.5778003   0.30137578  0.38115185  0.29112634
 -1.439747   -0.85117126 -0.3358348   0.49159634  0.572539   -0.3975465
  0.64844495  0.7210222  -0.59385556  0.16912621  0.4606308  -0.01786781
  0.5097905  -0.536165    0.9344112  -1.8452501  -0.7913901  -0.3426912
 -0.56419826  0.21504503 -0.7600773   0.276948    0.9132433   1.1914512
  0.34594807  0.2272874  -0.16967    -0.69358075  0.4983963  -0.45245254
 -0.21919203 -0.23833425 -0.82568944 -0.80719507  0.52013063  1.0252161
 -0.74780935  0.45109057  0.44136935 -0.8388978   0.19675738 -0.82181734
  0.97213995  1.5385107   0.34137443  0.21525267  0.0524006  -0.13855039
  0.12749495  0.24072506 -1.08042    -0.08821023 -0.00398099 -0.05940546
 -0.55969757]
Nearest to medoid: [ 2.488772   -3.4656692   1.4305512   2.9050903  -2.532756   -3.8054917
 -1.0966645  -1.2867912   1.9804476  -0.9094223   0.49325687 -0.34612986
 -0.6267367   1.3617942   0.03813501  0.7733529  -0.54377884  0.5875799
  1.0794703   0.6937965  -0.7286495  -0.03281679 -0.5934424   1.3664819
 -1.1109114   3.2016854  -0.3463928   0.68988997  1.6652837   0.4714
  2.0211022  -0.2838921   0.63396174  0.43978214 -0.87161595 -2.2329586
 -0.6503466  -1.4056605  -0.14229396 -0.29172668  0.37018925  0.3161596
 -0.27493715 -0.27212852  1.8642474   1.0955126  -0.09284529  0.20124957
  1.3314291   1.1108695   0.22352687 -2.012487    0.23556578 -1.089625
 -1.1624386   0.3702442  -1.3294623   0.07303444 -0.28900242  1.5172826
 -0.9778406  -1.495729    1.1418437  -0.3779791   0.85964775  0.4454382
  1.4309897   0.9893428  -0.8587986  -0.8272448   0.4866769   0.0134949
  0.17283393  0.23323032  0.2202147  -1.0437815  -1.3614706  -0.1075634
 -0.36561888  0.0449692  -0.2669616   0.27917263  0.5637016   0.84113574
 -0.38942882 -0.00722245 -0.31993824 -1.251543    0.81236464 -0.1718873
 -0.18589963  0.19407184 -0.7939439  -1.3303967   0.29584602  0.46980864
 -1.0301777   0.1512758   0.17143226 -0.29813546 -0.25926015 -1.1784371
  1.7561039   1.0546545   0.4890229   0.36598903  0.55750984 -0.188172
 -0.73814726  0.00736343 -0.9741545   0.5286199  -0.19828705  0.7482894
 -0.04943754]
Relative distance from medoid to nearest: 0.508260

Inertia: 1275645.684959
Davies: 3.872118
Silhueta: -0.012191
Variance = 0.990000
Number of components: 125
Explained variance: [0.040621   0.02683965 0.02187245 0.02077951 0.01933539 0.01810486
 0.01606806 0.01468032 0.01444064 0.01389756 0.01336962 0.0129348
 0.01258045 0.01237293 0.01215537 0.01136193 0.01128902 0.01108181
 0.01083017 0.01066875 0.01049106 0.01032733 0.01015497 0.01007959
 0.00993166 0.00986783 0.00961628 0.00957245 0.00943594 0.00934788
 0.00924087 0.00918612 0.0090081  0.00891802 0.00867082 0.00857369
 0.00844992 0.00831019 0.00825271 0.00823801 0.00818977 0.00797207
 0.00789876 0.00782331 0.00778458 0.00769058 0.00757853 0.00746858
 0.0074212  0.00741711 0.00730169 0.00723789 0.0071881  0.00716336
 0.00711265 0.00707639 0.00693135 0.00689798 0.00682936 0.00669624
 0.00665391 0.00657589 0.00655887 0.00649864 0.00639126 0.00637048
 0.00629951 0.00627259 0.00621404 0.00617864 0.00608763 0.00607404
 0.00600079 0.00597119 0.00591257 0.00586086 0.00585329 0.0057555
 0.00568184 0.00565281 0.00563094 0.00555479 0.00553814 0.00551546
 0.00548076 0.00544203 0.00536602 0.00531348 0.00526302 0.00523486
 0.00520434 0.00513876 0.0050939  0.00506555 0.00502898 0.00496858
 0.0049504  0.00491228 0.0048803  0.00482602 0.00474381 0.00471566
 0.00466539 0.00463399 0.00462927 0.00459327 0.00452058 0.00447229
 0.00443354 0.00439455 0.00434732 0.00433563 0.00424541 0.00423535
 0.0041988  0.0041208  0.00411144 0.00404136 0.00401657 0.00398999
 0.00393259 0.00383358 0.00381345 0.0037308  0.00369635]

Cluster 45:
Medoid: [-3.003801   -0.68194544  0.13011952 -0.71393746  1.2778211  -0.2608686
 -0.6503822  -0.04084882  0.10998481 -0.9253649  -0.6632193   0.07772145
  0.08102006  0.9897552  -0.12989905 -0.5651064   0.118944   -0.13631445
 -0.5101753  -0.04179735  0.9016781  -1.458467    0.3310823  -0.30579853
 -0.12075351  1.1907994  -0.33299866  0.45504192 -0.41910744  0.06775986
 -0.05941722 -0.27127847  0.06587003 -0.8512053   0.2239749   0.7047675
  0.50433326  1.0479435  -0.24199927  0.26371378  0.98925775  1.1023368
  0.04706585  0.38464612  0.328831   -0.4902034   0.5076947  -0.04890655
  0.04521384 -0.5126314  -0.12643698  0.19405462  0.19979097 -1.2518057
  0.34601298  0.42515722 -0.18019785 -0.22345823 -0.1370317  -0.55343246
  0.5968207   0.35830012 -0.22435331 -0.7977272   0.24543609  0.01106802
  0.1658296  -0.43774813  0.5403811  -0.1947561  -0.40497145  0.92021865
 -0.21919481 -0.05337358 -0.08550996  0.24602759 -0.51913357 -0.10088081
  0.03606135  0.54293525 -0.02182993  0.1466764   0.16530794  0.21711038
  0.26016563 -0.02497931  0.60993254  0.5896713  -0.29834053 -0.35148647
 -0.04640867  0.68851393  0.24261741  0.20057298  0.08154164 -0.27871677
  0.22507884  0.3878201   0.30733266  0.5431934  -0.58213264  0.26683915
  0.5043272  -0.22912969 -0.62808496  0.55561143  0.02719875  0.9939354
  0.03164534  0.2566135   0.4098807  -0.40063968  0.25290018 -0.02768994
 -0.54462403 -0.4600716  -0.175545   -0.25134417  0.6221847  -0.3333569
 -0.332668   -0.80081385 -0.54409623  0.13402654 -0.15767406]
Nearest to medoid: [-1.5314684  -1.1640859   0.07413778 -2.820438    0.15647429 -0.04436488
 -0.49217996  0.98218673  0.87605447 -0.7828543   0.01368676  0.28383613
  0.29339734  1.013564   -0.54359466 -0.7935373   0.98477304 -0.5492283
 -0.6122498  -0.8022065   0.54080755 -0.89498305 -0.5659935   0.7527687
  0.27866805  0.6895453  -1.2382098   0.7517916   0.3509007   1.1142898
 -0.44142452 -0.85119     0.16070506  0.8795368  -0.04062007  0.38837466
 -0.45590067  0.70421124 -0.86462617  0.7536035   0.14575565  0.8373035
  0.8948174   0.36336398  0.2313033  -0.12217963 -0.30789733 -0.17829801
 -0.23259522  0.14282186  0.34215426 -0.18862762  0.92589104 -0.57387704
 -0.7039316  -0.81859607 -0.17371488  0.45055008 -0.89292043  0.12100056
  0.24336477 -0.70174134 -0.7156824  -0.7547955   0.40782037 -0.36432993
  0.65244484 -0.09248164  0.5430115  -1.2560095   0.17651266 -0.3739777
  0.06949439 -0.5101002   0.5675369   0.04943931 -0.3736391  -0.4026415
 -0.47005412  1.2222703  -0.6525976   0.04373748 -0.257702   -0.11773064
  0.13261333  0.15433809  0.4615655   0.11409334 -0.42352632  0.1453799
 -0.072808    0.74597424 -0.11745341 -0.29372674 -0.75342107  0.39819646
  0.59623975 -0.1442064  -0.16467541  0.05309246 -0.1938236   0.47572875
  0.34475625  0.36408728  0.2541032  -0.09460871 -0.25742346  1.0512104
 -0.24819325 -0.27132595  0.52539384 -0.03215599  0.32159373  0.31727108
 -0.22960316 -0.10128602 -0.4657428   0.7573982   0.35488626  0.03389677
 -0.14022657 -0.2637217  -0.36498293 -0.89657706  0.1197997 ]
Relative distance from medoid to nearest: 0.639451
Cluster 9:
Medoid: [-2.4569197  -2.2780805  -1.0074558  -0.5089538  -1.3653669  -0.38705447
  0.29266244  0.11950931 -0.23628245  0.2870171   0.76894194  1.0888371
 -0.36621657  0.57118326 -1.2357298   0.9721002  -0.42940485  0.6141382
  0.504588   -0.21723866 -0.45678255 -0.91438514 -0.37401006 -0.7168891
  0.6991036   0.54997706  0.7665631   0.764317   -0.26801142  0.10205775
  0.53991413 -0.93652016 -0.69410235  0.01630528 -1.2696075   0.2659894
 -1.5704697   0.2295479  -0.25972787 -1.6997434   0.05064584  0.7470124
 -0.19571048 -0.7127253   0.23668401  1.3448358   0.0468691  -0.5297202
 -1.1333472  -0.34726685  0.07745714  0.5782352   1.7618039  -0.01078679
 -0.71383345 -0.8842152   0.09353067  0.500849    0.71181196 -0.35899016
 -0.40308344  0.41601625  0.07974225  0.9729467  -0.22304751 -0.04818052
 -0.20008752 -0.66657907  0.40141422  0.06455038 -0.5008137   1.2682328
  1.0995208  -0.686488    0.12088104  0.04265901  0.5240319  -0.21915331
 -0.13435791 -0.32596263 -1.1174706  -0.7224461   0.10807785 -0.07029036
 -0.82893366  0.63969904 -0.3154935  -0.29894245  0.1693678   0.08898103
  0.56777686 -0.26981238  0.49772564 -0.02716665 -0.60331786  0.07177878
 -0.4580532  -0.02914318 -0.2743356   0.11472017  0.20835473  0.41258833
 -0.2407601  -0.6385927  -0.07854956  0.5337262   0.5436926  -0.27613425
 -0.33312693 -0.21266425 -0.97223616 -0.4322174  -0.2110161   0.00658882
 -0.24269202  0.01981787 -0.02444982 -0.4727298   0.10244846 -0.29433358
 -0.23905472  0.04563357  0.4645907   0.2773005  -0.480404  ]
Nearest to medoid: [-2.914128   -2.8313327  -0.9623787  -0.61054516 -0.953771   -0.44963348
 -0.11085087 -0.227625   -0.6550094  -0.08692967  0.64031833  0.9796409
 -0.2669733   1.080017   -1.3999928   0.9296907  -1.1450213   1.0089043
  0.63972646 -0.15004727 -0.7103472  -1.2302861  -1.161915   -1.0084976
  0.72326136  0.996761    0.5218452   0.7317493  -0.49839106  0.431168
  0.71011275 -0.9763242  -0.39839786 -0.3137331  -0.9351649   0.17858124
 -1.8205433   0.5738442  -0.18937947 -1.9359394  -0.05064433  0.9667837
 -0.1686262  -0.5801888   0.2985223   0.82356364  0.27744305 -0.47075588
 -1.2043961  -0.255887    0.31541365  0.7735781   1.4744598   0.00521757
 -0.73377997 -1.0001956   0.13796848  0.81106603  1.0288783  -0.2175718
 -0.5171656   0.22667362  0.02813951  1.0488856  -0.07979304  0.19728188
 -0.26192224 -0.93528694  0.46408018 -0.44089893 -0.67076045  1.571082
  0.98248833 -1.0434674   0.409588    0.2627458   0.37500545 -0.17643723
 -0.25123844 -0.39725196 -1.0819159  -0.41706294  0.22286949  0.08557365
 -0.45164195  0.57801837 -0.14032519 -0.07016722  0.06251925 -0.04009893
  0.18112192 -0.65644705  0.35810402 -0.07399197 -0.729056    0.09741309
 -0.39114526 -0.2212123  -0.27901706 -0.33927023  0.29179087  0.5200926
 -0.6517093  -0.87839985 -0.29183504  0.6140194   0.31099814 -0.73374873
 -0.19420774 -0.11565439 -0.5354913  -0.63943255  0.01377116 -0.06172686
 -0.27334434  0.26882666 -0.14175646 -0.6599439   0.21278991 -0.14589131
 -0.16880171 -0.12083251  0.11529463  0.18882273 -0.63971555]
Relative distance from medoid to nearest: 0.242521
Cluster 0:
Medoid: [ 2.9612238  -2.1505396   0.15953924  1.104948    3.2689717   0.29847538
 -3.1577215  -1.7646252   1.7573106  -0.0722046   0.9778599   0.84646046
 -1.0445089  -1.3521183   0.73960876 -0.5396165  -0.6416888  -0.1323182
 -0.13036065 -0.6102853   0.26800016 -0.52873766 -0.75106895  0.3256242
 -0.50704366  0.25610083 -1.7133178  -0.05034728 -0.62459123 -0.7295112
  0.17315626  1.0934988   1.1633334  -0.71108526 -1.508142   -1.2167003
 -0.3016701  -1.0593241   1.0086414  -0.21474956 -0.6343281   0.06682588
 -1.4393853  -0.6980408  -0.9699476  -0.53155994  1.6273774  -0.90742344
  0.7845953   0.2725267  -1.2880265  -0.07097805  0.05844699  0.76320606
  0.8436046  -0.4792908   0.84578836 -1.1016511  -0.07429334  0.35390517
 -1.4804059  -0.10539764 -0.08782009 -0.3701304   0.64948165 -0.91049653
 -0.01792306  0.145923    0.34059885  1.0715799  -0.01930263 -0.45839915
  0.09751341  0.4154663   0.2058543   0.4448414  -0.5556984   0.19266008
 -0.04989967  0.5012242  -0.87255836 -0.86244833  0.19687288 -0.23649372
 -0.49213535 -0.5096176  -0.46666744 -0.42577532  0.22252068 -0.12572107
 -0.1318702  -0.8250635   0.17333856 -0.10732123  0.47717968  0.26583973
 -0.00499842  0.85508937 -0.30097297 -0.79256743 -0.27511254  0.14288247
  0.3935244  -1.5585994   0.52278554 -0.10963206 -0.5811115  -0.01837875
 -0.9710333  -1.0182434  -0.2740582  -0.9425879   0.08492892 -0.3305347
 -0.8637788   0.9449925  -0.73788553 -0.7759342  -0.19375907  1.1336349
 -0.7135367  -0.40721688  0.4331275  -0.60925555 -0.44037098]
Nearest to medoid: [ 5.560549    0.12527363  2.039534   -1.1297729   4.102878   -0.92099744
 -1.6017863  -0.9791613   0.35646954 -0.17726739  0.6450013   0.8001131
 -1.9217504  -1.2504013   0.68253756  0.9477018  -2.3720734  -0.14751665
 -0.7949572  -0.1678827   0.7078661  -0.3512662  -0.23813793 -0.7182593
  0.07234701 -0.6405872  -1.0114329   0.34912747  0.528417   -0.6254835
  0.6039055   0.31123203 -0.10277019 -0.41456282 -0.9743187  -0.14043836
 -1.1085125  -0.49941406  1.7488627  -0.9475389   1.1240638   0.27770817
  0.15278421 -0.30862924 -0.4506963  -0.57390255  2.376897   -0.30796826
  0.48703745  0.52890724  0.02622362  0.13162155  0.02428172  0.26756936
  0.91569936 -0.46130782 -0.09420205 -0.18152824  1.2254303  -0.4661086
 -0.57650876  0.5195609   0.69011    -1.0097961   0.93147516  0.41955695
  1.0836515   0.2698602   0.02640218  1.7074323  -0.0969431   0.03051741
  0.40657553  0.18127507 -0.09783451 -0.17335886 -0.78343797  1.0025054
 -0.74421984  1.1914353  -0.82700956  0.31871206  0.2932856  -0.48481363
  0.1658895   0.39994568  0.05224502 -0.02429946 -0.19689204 -0.29796466
  0.01863025 -0.53982186  0.12866397 -0.6540221  -1.0517157   0.11165914
 -0.13132523 -0.15607373  0.135874   -0.7268069   0.4247768   0.98781085
 -0.10858852 -0.6372592   0.43528768  0.4709035   0.711892   -0.20133346
 -0.6310985  -0.33079535 -0.3691347   0.6010513  -0.5335266   0.21836145
 -1.0217574   0.36872798  0.1479131  -0.8966131  -0.624642    0.34979194
 -0.55293626  0.33883035  0.8440485   0.05856204 -0.17070289]
Relative distance from medoid to nearest: 0.753803

Inertia: 1340238.778345
Davies: 4.050928
Silhueta: -0.015358
