Variance = 0.800000
Number of components: 84
Explained variance: [0.04062097 0.02683966 0.02187245 0.0207795  0.01933539 0.01810486
 0.01606806 0.01468032 0.01444064 0.01389756 0.01336964 0.01293479
 0.01258045 0.01237293 0.01215537 0.01136193 0.01128902 0.01108182
 0.01083016 0.01066875 0.01049105 0.01032734 0.01015497 0.01007959
 0.00993167 0.00986783 0.00961628 0.00957245 0.00943594 0.00934788
 0.00924086 0.00918612 0.00900809 0.00891801 0.00867081 0.00857369
 0.00844992 0.00831018 0.00825271 0.00823801 0.00818977 0.00797207
 0.00789876 0.00782332 0.00778458 0.00769057 0.00757854 0.00746857
 0.0074212  0.00741711 0.00730169 0.00723789 0.0071881  0.00716337
 0.00711265 0.00707639 0.00693135 0.00689799 0.00682936 0.00669624
 0.00665391 0.00657589 0.00655887 0.00649864 0.00639127 0.00637047
 0.00629951 0.00627258 0.00621404 0.00617863 0.00608763 0.00607405
 0.00600079 0.00597118 0.00591258 0.00586086 0.00585329 0.0057555
 0.00568184 0.00565281 0.00563094 0.00555479 0.00553814 0.00551545]
Inertia: 855511.979842
Davies: 2.813578
Silhueta: 0.021182

Variance = 0.850000
Number of components: 93
Explained variance: [0.04062097 0.02683966 0.02187245 0.0207795  0.01933539 0.01810486
 0.01606806 0.01468032 0.01444064 0.01389756 0.01336964 0.01293479
 0.01258045 0.01237293 0.01215537 0.01136193 0.01128902 0.01108182
 0.01083016 0.01066875 0.01049105 0.01032734 0.01015497 0.01007959
 0.00993167 0.00986783 0.00961628 0.00957245 0.00943594 0.00934788
 0.00924086 0.00918612 0.00900809 0.00891801 0.00867081 0.00857369
 0.00844992 0.00831018 0.00825271 0.00823801 0.00818977 0.00797207
 0.00789876 0.00782332 0.00778458 0.00769057 0.00757854 0.00746857
 0.0074212  0.00741711 0.00730169 0.00723789 0.0071881  0.00716337
 0.00711265 0.00707639 0.00693135 0.00689799 0.00682936 0.00669624
 0.00665391 0.00657589 0.00655887 0.00649864 0.00639127 0.00637047
 0.00629951 0.00627258 0.00621404 0.00617863 0.00608763 0.00607405
 0.00600079 0.00597118 0.00591258 0.00586086 0.00585329 0.0057555
 0.00568184 0.00565281 0.00563094 0.00555479 0.00553814 0.00551545
 0.00548077 0.00544203 0.00536601 0.00531348 0.00526302 0.00523486
 0.00520435 0.00513877 0.0050939 ]
Inertia: 927477.142605
Davies: 2.828361
Silhueta: 0.014251

Variance = 0.900000
Number of components: 103
Explained variance: [0.04062097 0.02683966 0.02187245 0.0207795  0.01933539 0.01810486
 0.01606806 0.01468032 0.01444064 0.01389756 0.01336964 0.01293479
 0.01258045 0.01237293 0.01215537 0.01136193 0.01128902 0.01108182
 0.01083016 0.01066875 0.01049105 0.01032734 0.01015497 0.01007959
 0.00993167 0.00986783 0.00961628 0.00957245 0.00943594 0.00934788
 0.00924086 0.00918612 0.00900809 0.00891801 0.00867081 0.00857369
 0.00844992 0.00831018 0.00825271 0.00823801 0.00818977 0.00797207
 0.00789876 0.00782332 0.00778458 0.00769057 0.00757854 0.00746857
 0.0074212  0.00741711 0.00730169 0.00723789 0.0071881  0.00716337
 0.00711265 0.00707639 0.00693135 0.00689799 0.00682936 0.00669624
 0.00665391 0.00657589 0.00655887 0.00649864 0.00639127 0.00637047
 0.00629951 0.00627258 0.00621404 0.00617863 0.00608763 0.00607405
 0.00600079 0.00597118 0.00591258 0.00586086 0.00585329 0.0057555
 0.00568184 0.00565281 0.00563094 0.00555479 0.00553814 0.00551545
 0.00548077 0.00544203 0.00536601 0.00531348 0.00526302 0.00523486
 0.00520435 0.00513877 0.0050939  0.00506555 0.00502898 0.00496858
 0.0049504  0.00491228 0.0048803  0.00482602 0.00474381 0.00471567
 0.00466539]
Inertia: 998845.387318
Davies: 2.848345
Silhueta: 0.015962

Variance = 0.950000
Number of components: 115
Explained variance: [0.04062097 0.02683966 0.02187245 0.0207795  0.01933539 0.01810486
 0.01606806 0.01468032 0.01444064 0.01389756 0.01336964 0.01293479
 0.01258045 0.01237293 0.01215537 0.01136193 0.01128902 0.01108182
 0.01083016 0.01066875 0.01049105 0.01032734 0.01015497 0.01007959
 0.00993167 0.00986783 0.00961628 0.00957245 0.00943594 0.00934788
 0.00924086 0.00918612 0.00900809 0.00891801 0.00867081 0.00857369
 0.00844992 0.00831018 0.00825271 0.00823801 0.00818977 0.00797207
 0.00789876 0.00782332 0.00778458 0.00769057 0.00757854 0.00746857
 0.0074212  0.00741711 0.00730169 0.00723789 0.0071881  0.00716337
 0.00711265 0.00707639 0.00693135 0.00689799 0.00682936 0.00669624
 0.00665391 0.00657589 0.00655887 0.00649864 0.00639127 0.00637047
 0.00629951 0.00627258 0.00621404 0.00617863 0.00608763 0.00607405
 0.00600079 0.00597118 0.00591258 0.00586086 0.00585329 0.0057555
 0.00568184 0.00565281 0.00563094 0.00555479 0.00553814 0.00551545
 0.00548077 0.00544203 0.00536601 0.00531348 0.00526302 0.00523486
 0.00520435 0.00513877 0.0050939  0.00506555 0.00502898 0.00496858
 0.0049504  0.00491228 0.0048803  0.00482602 0.00474381 0.00471567
 0.00466539 0.00463399 0.00462927 0.00459327 0.00452058 0.00447228
 0.00443354 0.00439455 0.00434732 0.00433563 0.00424541 0.00423534
 0.0041988 ]
Inertia: 1078408.982658
Davies: 2.806504
Silhueta: 0.009742

Variance = 0.990000
Number of components: 125
Explained variance: [0.04062097 0.02683966 0.02187245 0.0207795  0.01933539 0.01810486
 0.01606806 0.01468032 0.01444064 0.01389756 0.01336964 0.01293479
 0.01258045 0.01237293 0.01215537 0.01136193 0.01128902 0.01108182
 0.01083016 0.01066875 0.01049105 0.01032734 0.01015497 0.01007959
 0.00993167 0.00986783 0.00961628 0.00957245 0.00943594 0.00934788
 0.00924086 0.00918612 0.00900809 0.00891801 0.00867081 0.00857369
 0.00844992 0.00831018 0.00825271 0.00823801 0.00818977 0.00797207
 0.00789876 0.00782332 0.00778458 0.00769057 0.00757854 0.00746857
 0.0074212  0.00741711 0.00730169 0.00723789 0.0071881  0.00716337
 0.00711265 0.00707639 0.00693135 0.00689799 0.00682936 0.00669624
 0.00665391 0.00657589 0.00655887 0.00649864 0.00639127 0.00637047
 0.00629951 0.00627258 0.00621404 0.00617863 0.00608763 0.00607405
 0.00600079 0.00597118 0.00591258 0.00586086 0.00585329 0.0057555
 0.00568184 0.00565281 0.00563094 0.00555479 0.00553814 0.00551545
 0.00548077 0.00544203 0.00536601 0.00531348 0.00526302 0.00523486
 0.00520435 0.00513877 0.0050939  0.00506555 0.00502898 0.00496858
 0.0049504  0.00491228 0.0048803  0.00482602 0.00474381 0.00471567
 0.00466539 0.00463399 0.00462927 0.00459327 0.00452058 0.00447228
 0.00443354 0.00439455 0.00434732 0.00433563 0.00424541 0.00423534
 0.0041988  0.0041208  0.00411144 0.00404136 0.00401657 0.00398999
 0.0039326  0.00383358 0.00381345 0.0037308  0.00369635]
Inertia: 1137146.529670
Davies: 2.818048
Silhueta: 0.013288

