40 clusters
Medoid: [-1.04205847e+00  2.42070228e-01 -6.47062734e-02 -4.23666030e-01
  3.88590306e-01 -1.10240543e+00  2.16895238e-01 -3.87379795e-01
  2.35424310e-01 -1.18506856e-01  3.05804014e-01  5.83010120e-03
 -8.90579879e-01 -8.73856127e-01  6.86334297e-02  1.95791021e-01
 -2.35190690e-01  6.28143325e-02  3.44708711e-01 -8.55613530e-01
  2.41948336e-01 -4.33707267e-01  1.61339223e-01  4.15111423e-01
 -1.64648521e+00  4.51642662e-01 -7.97589600e-01  5.67145169e-01
  1.19113672e+00 -2.94617862e-01  4.12635207e-01 -4.63508189e-01
 -2.71259230e-02 -1.94378003e-01 -1.19868629e-02  5.03786445e-01
 -5.67683995e-01 -4.54440534e-01 -1.58137119e+00 -2.87830532e-01
 -4.85118538e-01  3.33963841e-01 -3.01091880e-01  9.45231199e-01
  4.29945290e-01  4.64094132e-01  2.18394846e-01  3.10250610e-01
 -8.18030089e-02 -9.20564756e-02 -6.08835220e-01 -3.14000845e-01
 -1.62934154e-01  1.68621600e-01 -2.47577727e-01  6.43166676e-02
 -3.17627490e-01 -1.02835488e+00 -5.58952272e-01 -9.38356578e-01
 -1.30092904e-01  1.16009489e-01 -4.05889928e-01  2.22156927e-01
 -6.83850050e-01  1.02479672e+00  7.43328571e-01  2.87806809e-01
 -6.42033398e-01  7.22297728e-02  5.17851472e-01 -8.23450208e-01
 -5.12773752e-01 -7.33778596e-01 -4.41588134e-01 -4.05900657e-01
  6.25386298e-01 -1.12990034e+00 -5.95721602e-02  4.65806425e-01
  1.06161058e-01 -9.60108940e-04 -7.08308443e-02 -1.04185915e+00
 -1.15367496e+00 -2.80138087e-02 -1.25451481e+00 -9.77080822e-01
 -7.44596720e-01  7.55921781e-01  3.52427632e-01 -4.63076919e-01
 -9.83887017e-01  3.98465693e-01  3.05327266e-01  4.90824133e-01
  9.49659348e-01  1.65179953e-01 -2.90246785e-01  4.91773993e-01
 -8.16747546e-01  3.18746865e-01  1.00997150e+00 -1.19876516e+00
  3.61308813e-01 -1.99706871e-02 -8.12157214e-01 -9.68625546e-01
 -8.79027620e-02 -7.82877356e-02 -2.18865529e-01  2.81353265e-01
  6.05123997e-01  2.70095617e-01  1.80630833e-01 -5.07297933e-01
  1.17004919e+00  1.52125001e-01  3.98214042e-01  1.91992402e-01
  1.78647161e-01  1.82593331e-01 -8.73094320e-01 -6.88283801e-01
 -6.02520823e-01  4.70730752e-01 -7.37368524e-01  4.86381114e-01]
Nearest to medoid: [ 0.49414283 -0.25364923 -0.57410824 -0.34941983  1.2712964  -0.7157167
 -1.2020699  -0.06136797  0.7594472  -0.5779153   0.63910955 -0.21710964
  0.63343376  0.18601601 -0.12802513  0.08235346 -0.5902932   0.91286874
  0.736462   -0.79572535 -0.80135655 -0.21231651 -0.41854545  1.2254025
 -0.7951557   0.14773469 -0.84925205  0.6957329   0.67568636 -0.39114848
 -0.47138736 -0.85425776  0.3293033   0.5820077   0.3169323   0.41637325
 -0.27062124 -0.62595123  0.01931731 -0.05458982 -0.45681775 -0.17957574
  0.26587513  1.2574787   0.8288549  -0.6537583   0.70192486 -0.16832572
  0.56895566 -0.04897854 -0.46223947 -0.85351765 -0.19699183  0.20623545
  0.42280284  0.44020042 -0.8656086  -0.24907513  0.00266868 -0.6729613
 -0.9109201   0.68251157  0.09343643 -0.6078954  -0.26235068  0.75110966
  0.49290073 -0.90856725 -0.57087016  0.12735005  0.353459   -1.2180403
 -0.557055   -0.43939784  0.13527337 -0.31361923  1.0503674  -0.42976508
  0.49446926 -0.12312707 -0.53508526 -0.67665184 -0.11786411 -0.81562805
 -0.22766477 -0.61104995 -0.10593551 -0.00791156 -0.42368507 -0.17604746
  1.3350254  -0.9908297  -0.11615641  0.00638422 -0.7029057   0.55617225
 -0.56241375 -0.5940768   0.5506664   0.36630216 -0.38937905 -0.00904432
  0.6095249  -0.5900524   0.40657657 -0.30096683 -0.7506676  -0.8083089
 -1.0506903  -1.1465645  -0.3663493  -0.34065428  0.40554214 -0.23899254
 -0.30506605 -0.04195144  0.25287357  0.09721338  0.35935807 -0.15878865
  0.11966816  0.6710117  -0.5968419  -0.36776698 -0.14261319 -0.28946072
  0.3339932   0.27621138]
Relative distance from medoid to nearest: 0.646165
Inertia: 1419774.163121
Davies: 4.384573
Silhueta: -0.014562
60 clusters
Medoid: [ 0.7065834   1.1404685   0.31042048  0.40735233  0.69729364  0.93938476
 -0.7907775   1.7980875  -0.5856898  -0.6165408   0.32284135  0.23336592
 -0.53506136 -0.78851575 -1.271348   -0.62365943 -0.10173837 -0.6288258
 -1.1930147   0.6991265  -0.9015443  -0.5487165  -0.13195863 -0.08178503
 -1.0430455   0.5058655  -0.6794054  -1.0223124   0.22139111  0.92779326
 -0.22893779  0.5534188   0.8408928  -0.28032002 -1.0151306  -0.20277177
  0.01716226 -1.0963845  -0.3795206   0.99350923 -0.36153373 -1.4743825
  0.90825814  0.27699277 -0.2753055  -1.0093346  -0.35719308 -0.20203704
  0.69443536  0.49187574 -0.7219995  -1.8357905   0.81806993 -0.08553547
  0.67480415 -0.72776836 -0.3843398   1.0637047   0.03008597 -0.47485194
  1.4068918  -1.0421959   1.0673077   0.15627354  0.23852338  0.12545651
  0.45333266 -1.6242589   0.00664377 -0.07975246  0.40096158  1.2767075
  0.25003296  0.10541409 -0.64138687  2.0010397  -0.81620455  0.485782
 -1.1455028  -1.1130323   0.37324554  1.0768648   0.96517706 -0.6668392
  0.7699916  -0.16933568  0.4428221  -0.02286414 -0.35748538  0.22918552
  1.226721    0.06542133  0.1925896   1.9521046  -0.01922238 -1.3195347
 -0.7949365  -0.3930886   0.80375177 -1.8150711   0.8261366   0.26627123
 -0.08242832 -0.77205193  0.88495654  1.44416    -0.16135034  0.69275725
 -0.10947118  0.6575467  -0.7339978  -0.834309   -0.90625566  1.4778638
 -0.19443166  0.94036734  0.10460956  0.30490807  0.13286336 -0.7354734
 -1.2648672   1.660701    0.539994   -0.07115286  0.7328327  -0.8631895
 -0.06135316 -0.47839853]
Nearest to medoid: [ 1.5103525e+00 -6.9402188e-01  9.7641754e-01 -2.8424218e-01
  1.2900177e+00  1.3337873e+00 -7.8193748e-01  4.8850524e-01
 -1.1400127e+00  3.5159048e-01  7.5983083e-01  1.6184998e-01
  2.0419268e-01 -1.1002326e+00 -2.7832291e+00  2.2156641e-01
  2.4654760e-03 -4.2669213e-01 -2.1532280e+00  3.5328650e-01
 -5.9084690e-01  1.4356502e+00 -3.5582986e-01 -5.2987087e-01
  1.7819521e-01 -6.6246456e-01 -2.0377429e+00 -6.3385618e-01
  5.2156025e-01  3.8083252e-02 -2.8773615e-01  2.2997564e-01
  1.1856431e+00 -1.4144864e+00 -1.1766901e+00 -8.1342274e-01
  2.0968188e-01 -4.2928547e-01  9.1193587e-01  1.6995447e+00
 -1.6149265e+00 -4.2957440e-01 -4.1637400e-01  5.6795335e-01
 -5.8389592e-01 -1.1934004e+00  3.2143021e-01  7.6837265e-01
  1.6099634e+00  1.0621783e+00  8.0200166e-01 -8.0594885e-01
  7.0680118e-01  9.1376150e-01  1.5926076e+00 -9.9376470e-01
  2.9744583e-01  2.1125076e+00  1.2709902e-02  4.4686911e-01
  1.7230277e-01 -3.9401340e-01  2.5723429e+00  4.8252027e-02
  1.0913118e-01  2.5175506e-01  8.2663041e-01 -2.3762476e+00
 -1.4263725e+00 -2.3344776e-01  9.2298883e-01  1.4529912e+00
  1.8038009e+00  3.7149262e-01 -1.2288353e+00  2.5237244e-01
 -1.5993127e+00  8.3471417e-01 -8.1846648e-01 -1.6821294e+00
  2.0315592e+00 -2.2864148e-01  1.3723290e+00  3.7926048e-01
  2.3828688e-01 -5.0571066e-01  2.3257346e+00 -6.6310412e-01
 -4.3807903e-01  3.2970944e-01  9.7671932e-01 -2.0084674e+00
 -1.6300313e-01  1.2736851e-01  1.6560142e-01 -5.3186494e-01
 -1.0406429e+00  6.2343132e-01 -5.7837087e-01 -1.4068569e-01
 -2.2565484e-01 -1.0718263e+00 -7.9089338e-01 -1.0119926e+00
  1.3081664e-01  1.5647333e+00 -6.7904067e-01  1.5669628e+00
 -7.6568210e-01  8.7818414e-01 -1.7992582e+00 -4.4744670e-01
 -1.6763474e+00  1.7563109e+00  1.0509849e+00 -7.1545541e-01
  5.5504143e-01  4.1974533e-01  2.7111956e-01  6.9409394e-01
 -2.1836664e-01  1.8777227e+00  9.9619949e-01 -1.0610610e+00
  1.3336197e+00 -1.1816816e+00  1.6886039e+00 -1.7829299e+00]
Relative distance from medoid to nearest: 0.773624
Inertia: 1384020.591204
Davies: 3.991649
Silhueta: -0.018260
80 clusters
Medoid: [-1.5707042  -0.35452428  1.1602105  -0.03864514 -1.2369559  -0.4803965
 -1.4272175  -0.7264112  -0.07433304 -0.6060699   0.9155267   1.1675273
  0.37808594  1.5589261  -0.06543905 -1.4092103  -0.82068914  1.3270001
 -1.3342342   0.06566428 -0.58715725 -1.0677975   2.3348894   1.0227922
 -0.9538056   0.48479238 -0.3568989  -0.31400764 -0.3546813  -0.2018057
 -1.6356915  -0.58476734  1.0664982   0.74005115 -0.02693726  0.49327916
 -0.9726557   0.32892177  1.2687021   0.3522426  -0.32362092  0.80321527
  0.40165675  0.10908576 -0.0713643   0.38510674 -1.3575181  -1.0349112
 -1.1315751   0.34201705 -0.01431148 -0.3031346   0.545584   -0.618331
 -1.0007367  -1.0188466  -0.08660883  0.6688957   0.04098815  1.1525562
  0.7176745   1.5043898   1.1199341   1.1114361   0.14377858 -0.73974776
  1.8268926  -0.25785118  1.2042783  -1.1332866   0.3244818  -0.2361877
 -0.52440596 -1.0253338  -1.5047312   0.7124814   0.15153278  1.62713
  1.7173728   1.4087514   1.5296987   1.2798909   1.8449036  -0.25456142
  2.0758343  -0.6112472   2.5103     -0.60877186  1.5420936   0.29324856
 -1.1317298   0.6633953  -2.3374448  -0.47607052  0.5744827  -0.38974047
  1.7266793  -1.0070933   2.2000349  -0.79056346  1.2185775  -1.3882908
 -0.86160344  0.9261604  -2.0293167   0.6630163  -1.5138457   0.16054939
 -0.46102774  1.8880177  -0.71204865  1.5347365   0.05756234 -0.03917701
 -0.7557211   0.1473776   0.8364908   0.49800998 -0.71685237  2.2350311
  0.9113022  -0.37498662 -1.2047176   1.0107287  -1.3945109   0.00602745
  1.2633779   0.5640068 ]
Nearest to medoid: [-5.67766070e-01 -1.12042749e+00  2.45207715e+00 -2.00741902e-01
 -1.35720289e+00  2.78972238e-01 -1.50750077e+00 -1.65080294e-01
  4.81127575e-02 -7.71218240e-01  1.32680058e+00  9.34650302e-01
 -2.08473548e-01  8.93672287e-01  9.88189936e-01 -1.50891137e+00
 -2.33054090e+00  1.06110656e+00  8.34341407e-01 -3.56912583e-01
 -7.08165944e-01 -3.07141393e-01  1.85349941e+00  1.58293411e-01
 -1.98783904e-01 -1.29893288e-01 -8.55247557e-01 -4.80968654e-01
 -6.21301174e-01 -1.66765928e-01 -1.75940335e+00 -2.52000093e-01
  1.52866852e+00  1.11391485e+00 -3.86150641e-04  5.65865159e-01
  5.65491855e-01  1.15800154e+00  9.63442266e-01  1.17603421e+00
 -1.66643894e+00  6.30747497e-01  1.34038746e+00 -3.79736632e-01
 -2.39237472e-01 -4.93789136e-01 -1.35225511e+00  3.66533726e-01
 -1.37490273e+00 -4.13489863e-02 -9.01789427e-01 -1.07529652e+00
 -3.83449644e-01 -1.80298790e-01 -9.27911937e-01 -6.23559833e-01
 -1.04666829e-01  8.17373276e-01  8.08693290e-01  1.85080588e+00
  1.88119078e+00  8.28568161e-01  2.09836864e+00  8.64137352e-01
 -7.10242569e-01 -2.91524917e-01  2.31920266e+00  1.37125754e+00
  6.66806996e-01 -4.42914277e-01  3.98677856e-01 -5.88216960e-01
 -1.50581074e+00 -1.48830867e+00 -2.40365481e+00  8.68795633e-01
  1.57421553e+00  1.45861197e+00  1.39058065e+00 -7.55819082e-02
  1.77275765e+00  1.68782949e+00  1.66679621e+00  1.59028575e-01
  2.83215904e+00 -1.55828846e+00  2.06349587e+00 -1.25176525e+00
  2.28812528e+00  1.60778749e+00 -1.38398278e+00  1.71808958e+00
 -2.92638922e+00 -1.19764745e+00  6.99742317e-01  4.98491645e-01
  1.63226950e+00 -1.21961045e+00  2.43603206e+00 -9.94398773e-01
  1.67636192e+00 -1.91760468e+00 -1.17555773e+00  8.87717783e-01
 -2.77781320e+00 -4.95429367e-01 -1.74233365e+00  8.13187480e-01
  1.04958735e-01  1.02987432e+00 -2.01733303e+00  2.22519207e+00
  2.09519863e-01  2.13290051e-01  4.66064721e-01 -1.13970482e+00
  1.53796291e+00  4.68156785e-01 -1.94485307e-01  1.18879664e+00
  5.85582972e-01 -8.20289314e-01 -2.06213093e+00  6.83546305e-01
 -6.53579354e-01 -3.50275457e-01  1.23066568e+00  6.00326478e-01]
Relative distance from medoid to nearest: 0.650276
Inertia: 1353564.654762
Davies: 4.010626
Silhueta: -0.012797
